{
 "cells": [
  {
   "cell_type": "markdown",
   "metadata": {},
   "source": [
    "# Imports and Dataset Reading"
   ]
  },
  {
   "cell_type": "code",
   "execution_count": 1,
   "metadata": {},
   "outputs": [],
   "source": [
    "import numpy as np\n",
    "import pandas as pd\n",
    "import matplotlib.pyplot as plt\n",
    "import seaborn as sns\n",
    "\n",
    "from sklearn.metrics import confusion_matrix, ConfusionMatrixDisplay\n",
    "# set global random seed\n",
    "np.random.seed(42)"
   ]
  },
  {
   "cell_type": "markdown",
   "metadata": {},
   "source": [
    "Reading the dataset"
   ]
  },
  {
   "cell_type": "code",
   "execution_count": 2,
   "metadata": {},
   "outputs": [],
   "source": [
    "df = pd.read_csv(\"dataset/voice.csv\")"
   ]
  },
  {
   "cell_type": "markdown",
   "metadata": {},
   "source": [
    "# Preprocessing and Feature Selection"
   ]
  },
  {
   "cell_type": "markdown",
   "metadata": {},
   "source": [
    "Checking to see if the dataset has any null values that need to be cleaned up."
   ]
  },
  {
   "cell_type": "code",
   "execution_count": 3,
   "metadata": {},
   "outputs": [
    {
     "data": {
      "text/plain": [
       "0"
      ]
     },
     "execution_count": 3,
     "metadata": {},
     "output_type": "execute_result"
    }
   ],
   "source": [
    "df.isnull().values.sum()"
   ]
  },
  {
   "cell_type": "markdown",
   "metadata": {},
   "source": [
    "Checking the correlation matrix to see if there are redundant features."
   ]
  },
  {
   "cell_type": "code",
   "execution_count": 4,
   "metadata": {},
   "outputs": [
    {
     "data": {
      "text/html": [
       "<div>\n",
       "<style scoped>\n",
       "    .dataframe tbody tr th:only-of-type {\n",
       "        vertical-align: middle;\n",
       "    }\n",
       "\n",
       "    .dataframe tbody tr th {\n",
       "        vertical-align: top;\n",
       "    }\n",
       "\n",
       "    .dataframe thead th {\n",
       "        text-align: right;\n",
       "    }\n",
       "</style>\n",
       "<table border=\"1\" class=\"dataframe\">\n",
       "  <thead>\n",
       "    <tr style=\"text-align: right;\">\n",
       "      <th></th>\n",
       "      <th>meanfreq</th>\n",
       "      <th>sd</th>\n",
       "      <th>median</th>\n",
       "      <th>Q25</th>\n",
       "      <th>Q75</th>\n",
       "      <th>IQR</th>\n",
       "      <th>skew</th>\n",
       "      <th>kurt</th>\n",
       "      <th>sp.ent</th>\n",
       "      <th>sfm</th>\n",
       "      <th>mode</th>\n",
       "      <th>centroid</th>\n",
       "      <th>meanfun</th>\n",
       "      <th>minfun</th>\n",
       "      <th>maxfun</th>\n",
       "      <th>meandom</th>\n",
       "      <th>mindom</th>\n",
       "      <th>maxdom</th>\n",
       "      <th>dfrange</th>\n",
       "      <th>modindx</th>\n",
       "    </tr>\n",
       "  </thead>\n",
       "  <tbody>\n",
       "    <tr>\n",
       "      <th>meanfreq</th>\n",
       "      <td>1.000000</td>\n",
       "      <td>0.739039</td>\n",
       "      <td>0.925445</td>\n",
       "      <td>0.911416</td>\n",
       "      <td>0.740997</td>\n",
       "      <td>0.627605</td>\n",
       "      <td>0.322327</td>\n",
       "      <td>0.316036</td>\n",
       "      <td>0.601203</td>\n",
       "      <td>0.784332</td>\n",
       "      <td>0.687715</td>\n",
       "      <td>1.000000</td>\n",
       "      <td>0.460844</td>\n",
       "      <td>0.383937</td>\n",
       "      <td>0.274004</td>\n",
       "      <td>0.536666</td>\n",
       "      <td>0.229261</td>\n",
       "      <td>0.519528</td>\n",
       "      <td>0.515570</td>\n",
       "      <td>0.216979</td>\n",
       "    </tr>\n",
       "    <tr>\n",
       "      <th>sd</th>\n",
       "      <td>0.739039</td>\n",
       "      <td>1.000000</td>\n",
       "      <td>0.562603</td>\n",
       "      <td>0.846931</td>\n",
       "      <td>0.161076</td>\n",
       "      <td>0.874660</td>\n",
       "      <td>0.314597</td>\n",
       "      <td>0.346241</td>\n",
       "      <td>0.716620</td>\n",
       "      <td>0.838086</td>\n",
       "      <td>0.529150</td>\n",
       "      <td>0.739039</td>\n",
       "      <td>0.466281</td>\n",
       "      <td>0.345609</td>\n",
       "      <td>0.129662</td>\n",
       "      <td>0.482726</td>\n",
       "      <td>0.357667</td>\n",
       "      <td>0.482278</td>\n",
       "      <td>0.475999</td>\n",
       "      <td>0.122660</td>\n",
       "    </tr>\n",
       "    <tr>\n",
       "      <th>median</th>\n",
       "      <td>0.925445</td>\n",
       "      <td>0.562603</td>\n",
       "      <td>1.000000</td>\n",
       "      <td>0.774922</td>\n",
       "      <td>0.731849</td>\n",
       "      <td>0.477352</td>\n",
       "      <td>0.257407</td>\n",
       "      <td>0.243382</td>\n",
       "      <td>0.502005</td>\n",
       "      <td>0.661690</td>\n",
       "      <td>0.677433</td>\n",
       "      <td>0.925445</td>\n",
       "      <td>0.414909</td>\n",
       "      <td>0.337602</td>\n",
       "      <td>0.251328</td>\n",
       "      <td>0.455943</td>\n",
       "      <td>0.191169</td>\n",
       "      <td>0.438919</td>\n",
       "      <td>0.435621</td>\n",
       "      <td>0.213298</td>\n",
       "    </tr>\n",
       "    <tr>\n",
       "      <th>Q25</th>\n",
       "      <td>0.911416</td>\n",
       "      <td>0.846931</td>\n",
       "      <td>0.774922</td>\n",
       "      <td>1.000000</td>\n",
       "      <td>0.477140</td>\n",
       "      <td>0.874189</td>\n",
       "      <td>0.319475</td>\n",
       "      <td>0.350182</td>\n",
       "      <td>0.648126</td>\n",
       "      <td>0.766875</td>\n",
       "      <td>0.591277</td>\n",
       "      <td>0.911416</td>\n",
       "      <td>0.545035</td>\n",
       "      <td>0.320994</td>\n",
       "      <td>0.199841</td>\n",
       "      <td>0.467403</td>\n",
       "      <td>0.302255</td>\n",
       "      <td>0.459683</td>\n",
       "      <td>0.454394</td>\n",
       "      <td>0.141377</td>\n",
       "    </tr>\n",
       "    <tr>\n",
       "      <th>Q75</th>\n",
       "      <td>0.740997</td>\n",
       "      <td>0.161076</td>\n",
       "      <td>0.731849</td>\n",
       "      <td>0.477140</td>\n",
       "      <td>1.000000</td>\n",
       "      <td>0.009636</td>\n",
       "      <td>0.206339</td>\n",
       "      <td>0.148881</td>\n",
       "      <td>0.174905</td>\n",
       "      <td>0.378198</td>\n",
       "      <td>0.486857</td>\n",
       "      <td>0.740997</td>\n",
       "      <td>0.155091</td>\n",
       "      <td>0.258002</td>\n",
       "      <td>0.285584</td>\n",
       "      <td>0.359181</td>\n",
       "      <td>0.023750</td>\n",
       "      <td>0.335114</td>\n",
       "      <td>0.335648</td>\n",
       "      <td>0.216475</td>\n",
       "    </tr>\n",
       "    <tr>\n",
       "      <th>IQR</th>\n",
       "      <td>0.627605</td>\n",
       "      <td>0.874660</td>\n",
       "      <td>0.477352</td>\n",
       "      <td>0.874189</td>\n",
       "      <td>0.009636</td>\n",
       "      <td>1.000000</td>\n",
       "      <td>0.249497</td>\n",
       "      <td>0.316185</td>\n",
       "      <td>0.640813</td>\n",
       "      <td>0.663601</td>\n",
       "      <td>0.403764</td>\n",
       "      <td>0.627605</td>\n",
       "      <td>0.534462</td>\n",
       "      <td>0.222680</td>\n",
       "      <td>0.069588</td>\n",
       "      <td>0.333362</td>\n",
       "      <td>0.357037</td>\n",
       "      <td>0.337877</td>\n",
       "      <td>0.331563</td>\n",
       "      <td>0.041252</td>\n",
       "    </tr>\n",
       "    <tr>\n",
       "      <th>skew</th>\n",
       "      <td>0.322327</td>\n",
       "      <td>0.314597</td>\n",
       "      <td>0.257407</td>\n",
       "      <td>0.319475</td>\n",
       "      <td>0.206339</td>\n",
       "      <td>0.249497</td>\n",
       "      <td>1.000000</td>\n",
       "      <td>0.977020</td>\n",
       "      <td>0.195459</td>\n",
       "      <td>0.079694</td>\n",
       "      <td>0.434859</td>\n",
       "      <td>0.322327</td>\n",
       "      <td>0.167668</td>\n",
       "      <td>0.216954</td>\n",
       "      <td>0.080861</td>\n",
       "      <td>0.336848</td>\n",
       "      <td>0.061608</td>\n",
       "      <td>0.305651</td>\n",
       "      <td>0.304640</td>\n",
       "      <td>0.169325</td>\n",
       "    </tr>\n",
       "    <tr>\n",
       "      <th>kurt</th>\n",
       "      <td>0.316036</td>\n",
       "      <td>0.346241</td>\n",
       "      <td>0.243382</td>\n",
       "      <td>0.350182</td>\n",
       "      <td>0.148881</td>\n",
       "      <td>0.316185</td>\n",
       "      <td>0.977020</td>\n",
       "      <td>1.000000</td>\n",
       "      <td>0.127644</td>\n",
       "      <td>0.109884</td>\n",
       "      <td>0.406722</td>\n",
       "      <td>0.316036</td>\n",
       "      <td>0.194560</td>\n",
       "      <td>0.203201</td>\n",
       "      <td>0.045667</td>\n",
       "      <td>0.303234</td>\n",
       "      <td>0.103313</td>\n",
       "      <td>0.274500</td>\n",
       "      <td>0.272729</td>\n",
       "      <td>0.205539</td>\n",
       "    </tr>\n",
       "    <tr>\n",
       "      <th>sp.ent</th>\n",
       "      <td>0.601203</td>\n",
       "      <td>0.716620</td>\n",
       "      <td>0.502005</td>\n",
       "      <td>0.648126</td>\n",
       "      <td>0.174905</td>\n",
       "      <td>0.640813</td>\n",
       "      <td>0.195459</td>\n",
       "      <td>0.127644</td>\n",
       "      <td>1.000000</td>\n",
       "      <td>0.866411</td>\n",
       "      <td>0.325298</td>\n",
       "      <td>0.601203</td>\n",
       "      <td>0.513194</td>\n",
       "      <td>0.305826</td>\n",
       "      <td>0.120738</td>\n",
       "      <td>0.293562</td>\n",
       "      <td>0.294869</td>\n",
       "      <td>0.324253</td>\n",
       "      <td>0.319054</td>\n",
       "      <td>0.198074</td>\n",
       "    </tr>\n",
       "    <tr>\n",
       "      <th>sfm</th>\n",
       "      <td>0.784332</td>\n",
       "      <td>0.838086</td>\n",
       "      <td>0.661690</td>\n",
       "      <td>0.766875</td>\n",
       "      <td>0.378198</td>\n",
       "      <td>0.663601</td>\n",
       "      <td>0.079694</td>\n",
       "      <td>0.109884</td>\n",
       "      <td>0.866411</td>\n",
       "      <td>1.000000</td>\n",
       "      <td>0.485913</td>\n",
       "      <td>0.784332</td>\n",
       "      <td>0.421066</td>\n",
       "      <td>0.362100</td>\n",
       "      <td>0.192369</td>\n",
       "      <td>0.428442</td>\n",
       "      <td>0.289593</td>\n",
       "      <td>0.436649</td>\n",
       "      <td>0.431580</td>\n",
       "      <td>0.211477</td>\n",
       "    </tr>\n",
       "    <tr>\n",
       "      <th>mode</th>\n",
       "      <td>0.687715</td>\n",
       "      <td>0.529150</td>\n",
       "      <td>0.677433</td>\n",
       "      <td>0.591277</td>\n",
       "      <td>0.486857</td>\n",
       "      <td>0.403764</td>\n",
       "      <td>0.434859</td>\n",
       "      <td>0.406722</td>\n",
       "      <td>0.325298</td>\n",
       "      <td>0.485913</td>\n",
       "      <td>1.000000</td>\n",
       "      <td>0.687715</td>\n",
       "      <td>0.324771</td>\n",
       "      <td>0.385467</td>\n",
       "      <td>0.172329</td>\n",
       "      <td>0.491479</td>\n",
       "      <td>0.198150</td>\n",
       "      <td>0.477187</td>\n",
       "      <td>0.473775</td>\n",
       "      <td>0.182344</td>\n",
       "    </tr>\n",
       "    <tr>\n",
       "      <th>centroid</th>\n",
       "      <td>1.000000</td>\n",
       "      <td>0.739039</td>\n",
       "      <td>0.925445</td>\n",
       "      <td>0.911416</td>\n",
       "      <td>0.740997</td>\n",
       "      <td>0.627605</td>\n",
       "      <td>0.322327</td>\n",
       "      <td>0.316036</td>\n",
       "      <td>0.601203</td>\n",
       "      <td>0.784332</td>\n",
       "      <td>0.687715</td>\n",
       "      <td>1.000000</td>\n",
       "      <td>0.460844</td>\n",
       "      <td>0.383937</td>\n",
       "      <td>0.274004</td>\n",
       "      <td>0.536666</td>\n",
       "      <td>0.229261</td>\n",
       "      <td>0.519528</td>\n",
       "      <td>0.515570</td>\n",
       "      <td>0.216979</td>\n",
       "    </tr>\n",
       "    <tr>\n",
       "      <th>meanfun</th>\n",
       "      <td>0.460844</td>\n",
       "      <td>0.466281</td>\n",
       "      <td>0.414909</td>\n",
       "      <td>0.545035</td>\n",
       "      <td>0.155091</td>\n",
       "      <td>0.534462</td>\n",
       "      <td>0.167668</td>\n",
       "      <td>0.194560</td>\n",
       "      <td>0.513194</td>\n",
       "      <td>0.421066</td>\n",
       "      <td>0.324771</td>\n",
       "      <td>0.460844</td>\n",
       "      <td>1.000000</td>\n",
       "      <td>0.339387</td>\n",
       "      <td>0.311950</td>\n",
       "      <td>0.270840</td>\n",
       "      <td>0.162163</td>\n",
       "      <td>0.277982</td>\n",
       "      <td>0.275154</td>\n",
       "      <td>0.054858</td>\n",
       "    </tr>\n",
       "    <tr>\n",
       "      <th>minfun</th>\n",
       "      <td>0.383937</td>\n",
       "      <td>0.345609</td>\n",
       "      <td>0.337602</td>\n",
       "      <td>0.320994</td>\n",
       "      <td>0.258002</td>\n",
       "      <td>0.222680</td>\n",
       "      <td>0.216954</td>\n",
       "      <td>0.203201</td>\n",
       "      <td>0.305826</td>\n",
       "      <td>0.362100</td>\n",
       "      <td>0.385467</td>\n",
       "      <td>0.383937</td>\n",
       "      <td>0.339387</td>\n",
       "      <td>1.000000</td>\n",
       "      <td>0.213987</td>\n",
       "      <td>0.375979</td>\n",
       "      <td>0.082015</td>\n",
       "      <td>0.317860</td>\n",
       "      <td>0.316486</td>\n",
       "      <td>0.002042</td>\n",
       "    </tr>\n",
       "    <tr>\n",
       "      <th>maxfun</th>\n",
       "      <td>0.274004</td>\n",
       "      <td>0.129662</td>\n",
       "      <td>0.251328</td>\n",
       "      <td>0.199841</td>\n",
       "      <td>0.285584</td>\n",
       "      <td>0.069588</td>\n",
       "      <td>0.080861</td>\n",
       "      <td>0.045667</td>\n",
       "      <td>0.120738</td>\n",
       "      <td>0.192369</td>\n",
       "      <td>0.172329</td>\n",
       "      <td>0.274004</td>\n",
       "      <td>0.311950</td>\n",
       "      <td>0.213987</td>\n",
       "      <td>1.000000</td>\n",
       "      <td>0.337553</td>\n",
       "      <td>0.243426</td>\n",
       "      <td>0.355390</td>\n",
       "      <td>0.359880</td>\n",
       "      <td>0.363029</td>\n",
       "    </tr>\n",
       "    <tr>\n",
       "      <th>meandom</th>\n",
       "      <td>0.536666</td>\n",
       "      <td>0.482726</td>\n",
       "      <td>0.455943</td>\n",
       "      <td>0.467403</td>\n",
       "      <td>0.359181</td>\n",
       "      <td>0.333362</td>\n",
       "      <td>0.336848</td>\n",
       "      <td>0.303234</td>\n",
       "      <td>0.293562</td>\n",
       "      <td>0.428442</td>\n",
       "      <td>0.491479</td>\n",
       "      <td>0.536666</td>\n",
       "      <td>0.270840</td>\n",
       "      <td>0.375979</td>\n",
       "      <td>0.337553</td>\n",
       "      <td>1.000000</td>\n",
       "      <td>0.099656</td>\n",
       "      <td>0.812838</td>\n",
       "      <td>0.811304</td>\n",
       "      <td>0.180954</td>\n",
       "    </tr>\n",
       "    <tr>\n",
       "      <th>mindom</th>\n",
       "      <td>0.229261</td>\n",
       "      <td>0.357667</td>\n",
       "      <td>0.191169</td>\n",
       "      <td>0.302255</td>\n",
       "      <td>0.023750</td>\n",
       "      <td>0.357037</td>\n",
       "      <td>0.061608</td>\n",
       "      <td>0.103313</td>\n",
       "      <td>0.294869</td>\n",
       "      <td>0.289593</td>\n",
       "      <td>0.198150</td>\n",
       "      <td>0.229261</td>\n",
       "      <td>0.162163</td>\n",
       "      <td>0.082015</td>\n",
       "      <td>0.243426</td>\n",
       "      <td>0.099656</td>\n",
       "      <td>1.000000</td>\n",
       "      <td>0.026640</td>\n",
       "      <td>0.008666</td>\n",
       "      <td>0.200212</td>\n",
       "    </tr>\n",
       "    <tr>\n",
       "      <th>maxdom</th>\n",
       "      <td>0.519528</td>\n",
       "      <td>0.482278</td>\n",
       "      <td>0.438919</td>\n",
       "      <td>0.459683</td>\n",
       "      <td>0.335114</td>\n",
       "      <td>0.337877</td>\n",
       "      <td>0.305651</td>\n",
       "      <td>0.274500</td>\n",
       "      <td>0.324253</td>\n",
       "      <td>0.436649</td>\n",
       "      <td>0.477187</td>\n",
       "      <td>0.519528</td>\n",
       "      <td>0.277982</td>\n",
       "      <td>0.317860</td>\n",
       "      <td>0.355390</td>\n",
       "      <td>0.812838</td>\n",
       "      <td>0.026640</td>\n",
       "      <td>1.000000</td>\n",
       "      <td>0.999838</td>\n",
       "      <td>0.425531</td>\n",
       "    </tr>\n",
       "    <tr>\n",
       "      <th>dfrange</th>\n",
       "      <td>0.515570</td>\n",
       "      <td>0.475999</td>\n",
       "      <td>0.435621</td>\n",
       "      <td>0.454394</td>\n",
       "      <td>0.335648</td>\n",
       "      <td>0.331563</td>\n",
       "      <td>0.304640</td>\n",
       "      <td>0.272729</td>\n",
       "      <td>0.319054</td>\n",
       "      <td>0.431580</td>\n",
       "      <td>0.473775</td>\n",
       "      <td>0.515570</td>\n",
       "      <td>0.275154</td>\n",
       "      <td>0.316486</td>\n",
       "      <td>0.359880</td>\n",
       "      <td>0.811304</td>\n",
       "      <td>0.008666</td>\n",
       "      <td>0.999838</td>\n",
       "      <td>1.000000</td>\n",
       "      <td>0.429266</td>\n",
       "    </tr>\n",
       "    <tr>\n",
       "      <th>modindx</th>\n",
       "      <td>0.216979</td>\n",
       "      <td>0.122660</td>\n",
       "      <td>0.213298</td>\n",
       "      <td>0.141377</td>\n",
       "      <td>0.216475</td>\n",
       "      <td>0.041252</td>\n",
       "      <td>0.169325</td>\n",
       "      <td>0.205539</td>\n",
       "      <td>0.198074</td>\n",
       "      <td>0.211477</td>\n",
       "      <td>0.182344</td>\n",
       "      <td>0.216979</td>\n",
       "      <td>0.054858</td>\n",
       "      <td>0.002042</td>\n",
       "      <td>0.363029</td>\n",
       "      <td>0.180954</td>\n",
       "      <td>0.200212</td>\n",
       "      <td>0.425531</td>\n",
       "      <td>0.429266</td>\n",
       "      <td>1.000000</td>\n",
       "    </tr>\n",
       "  </tbody>\n",
       "</table>\n",
       "</div>"
      ],
      "text/plain": [
       "          meanfreq        sd    median       Q25       Q75       IQR  \\\n",
       "meanfreq  1.000000  0.739039  0.925445  0.911416  0.740997  0.627605   \n",
       "sd        0.739039  1.000000  0.562603  0.846931  0.161076  0.874660   \n",
       "median    0.925445  0.562603  1.000000  0.774922  0.731849  0.477352   \n",
       "Q25       0.911416  0.846931  0.774922  1.000000  0.477140  0.874189   \n",
       "Q75       0.740997  0.161076  0.731849  0.477140  1.000000  0.009636   \n",
       "IQR       0.627605  0.874660  0.477352  0.874189  0.009636  1.000000   \n",
       "skew      0.322327  0.314597  0.257407  0.319475  0.206339  0.249497   \n",
       "kurt      0.316036  0.346241  0.243382  0.350182  0.148881  0.316185   \n",
       "sp.ent    0.601203  0.716620  0.502005  0.648126  0.174905  0.640813   \n",
       "sfm       0.784332  0.838086  0.661690  0.766875  0.378198  0.663601   \n",
       "mode      0.687715  0.529150  0.677433  0.591277  0.486857  0.403764   \n",
       "centroid  1.000000  0.739039  0.925445  0.911416  0.740997  0.627605   \n",
       "meanfun   0.460844  0.466281  0.414909  0.545035  0.155091  0.534462   \n",
       "minfun    0.383937  0.345609  0.337602  0.320994  0.258002  0.222680   \n",
       "maxfun    0.274004  0.129662  0.251328  0.199841  0.285584  0.069588   \n",
       "meandom   0.536666  0.482726  0.455943  0.467403  0.359181  0.333362   \n",
       "mindom    0.229261  0.357667  0.191169  0.302255  0.023750  0.357037   \n",
       "maxdom    0.519528  0.482278  0.438919  0.459683  0.335114  0.337877   \n",
       "dfrange   0.515570  0.475999  0.435621  0.454394  0.335648  0.331563   \n",
       "modindx   0.216979  0.122660  0.213298  0.141377  0.216475  0.041252   \n",
       "\n",
       "              skew      kurt    sp.ent       sfm      mode  centroid  \\\n",
       "meanfreq  0.322327  0.316036  0.601203  0.784332  0.687715  1.000000   \n",
       "sd        0.314597  0.346241  0.716620  0.838086  0.529150  0.739039   \n",
       "median    0.257407  0.243382  0.502005  0.661690  0.677433  0.925445   \n",
       "Q25       0.319475  0.350182  0.648126  0.766875  0.591277  0.911416   \n",
       "Q75       0.206339  0.148881  0.174905  0.378198  0.486857  0.740997   \n",
       "IQR       0.249497  0.316185  0.640813  0.663601  0.403764  0.627605   \n",
       "skew      1.000000  0.977020  0.195459  0.079694  0.434859  0.322327   \n",
       "kurt      0.977020  1.000000  0.127644  0.109884  0.406722  0.316036   \n",
       "sp.ent    0.195459  0.127644  1.000000  0.866411  0.325298  0.601203   \n",
       "sfm       0.079694  0.109884  0.866411  1.000000  0.485913  0.784332   \n",
       "mode      0.434859  0.406722  0.325298  0.485913  1.000000  0.687715   \n",
       "centroid  0.322327  0.316036  0.601203  0.784332  0.687715  1.000000   \n",
       "meanfun   0.167668  0.194560  0.513194  0.421066  0.324771  0.460844   \n",
       "minfun    0.216954  0.203201  0.305826  0.362100  0.385467  0.383937   \n",
       "maxfun    0.080861  0.045667  0.120738  0.192369  0.172329  0.274004   \n",
       "meandom   0.336848  0.303234  0.293562  0.428442  0.491479  0.536666   \n",
       "mindom    0.061608  0.103313  0.294869  0.289593  0.198150  0.229261   \n",
       "maxdom    0.305651  0.274500  0.324253  0.436649  0.477187  0.519528   \n",
       "dfrange   0.304640  0.272729  0.319054  0.431580  0.473775  0.515570   \n",
       "modindx   0.169325  0.205539  0.198074  0.211477  0.182344  0.216979   \n",
       "\n",
       "           meanfun    minfun    maxfun   meandom    mindom    maxdom  \\\n",
       "meanfreq  0.460844  0.383937  0.274004  0.536666  0.229261  0.519528   \n",
       "sd        0.466281  0.345609  0.129662  0.482726  0.357667  0.482278   \n",
       "median    0.414909  0.337602  0.251328  0.455943  0.191169  0.438919   \n",
       "Q25       0.545035  0.320994  0.199841  0.467403  0.302255  0.459683   \n",
       "Q75       0.155091  0.258002  0.285584  0.359181  0.023750  0.335114   \n",
       "IQR       0.534462  0.222680  0.069588  0.333362  0.357037  0.337877   \n",
       "skew      0.167668  0.216954  0.080861  0.336848  0.061608  0.305651   \n",
       "kurt      0.194560  0.203201  0.045667  0.303234  0.103313  0.274500   \n",
       "sp.ent    0.513194  0.305826  0.120738  0.293562  0.294869  0.324253   \n",
       "sfm       0.421066  0.362100  0.192369  0.428442  0.289593  0.436649   \n",
       "mode      0.324771  0.385467  0.172329  0.491479  0.198150  0.477187   \n",
       "centroid  0.460844  0.383937  0.274004  0.536666  0.229261  0.519528   \n",
       "meanfun   1.000000  0.339387  0.311950  0.270840  0.162163  0.277982   \n",
       "minfun    0.339387  1.000000  0.213987  0.375979  0.082015  0.317860   \n",
       "maxfun    0.311950  0.213987  1.000000  0.337553  0.243426  0.355390   \n",
       "meandom   0.270840  0.375979  0.337553  1.000000  0.099656  0.812838   \n",
       "mindom    0.162163  0.082015  0.243426  0.099656  1.000000  0.026640   \n",
       "maxdom    0.277982  0.317860  0.355390  0.812838  0.026640  1.000000   \n",
       "dfrange   0.275154  0.316486  0.359880  0.811304  0.008666  0.999838   \n",
       "modindx   0.054858  0.002042  0.363029  0.180954  0.200212  0.425531   \n",
       "\n",
       "           dfrange   modindx  \n",
       "meanfreq  0.515570  0.216979  \n",
       "sd        0.475999  0.122660  \n",
       "median    0.435621  0.213298  \n",
       "Q25       0.454394  0.141377  \n",
       "Q75       0.335648  0.216475  \n",
       "IQR       0.331563  0.041252  \n",
       "skew      0.304640  0.169325  \n",
       "kurt      0.272729  0.205539  \n",
       "sp.ent    0.319054  0.198074  \n",
       "sfm       0.431580  0.211477  \n",
       "mode      0.473775  0.182344  \n",
       "centroid  0.515570  0.216979  \n",
       "meanfun   0.275154  0.054858  \n",
       "minfun    0.316486  0.002042  \n",
       "maxfun    0.359880  0.363029  \n",
       "meandom   0.811304  0.180954  \n",
       "mindom    0.008666  0.200212  \n",
       "maxdom    0.999838  0.425531  \n",
       "dfrange   1.000000  0.429266  \n",
       "modindx   0.429266  1.000000  "
      ]
     },
     "execution_count": 4,
     "metadata": {},
     "output_type": "execute_result"
    }
   ],
   "source": [
    "corr_mat = df.corr().abs()\n",
    "corr_mat"
   ]
  },
  {
   "cell_type": "markdown",
   "metadata": {},
   "source": [
    "Listing all the features with more than 95% correlation to another feature"
   ]
  },
  {
   "cell_type": "code",
   "execution_count": 5,
   "metadata": {},
   "outputs": [
    {
     "name": "stdout",
     "output_type": "stream",
     "text": [
      "['kurt', 'centroid', 'dfrange']\n"
     ]
    }
   ],
   "source": [
    "upper_tri = corr_mat.where(np.triu(np.ones(corr_mat.shape),k=1).astype(bool))\n",
    "to_drop = [column for column in upper_tri.columns if any(upper_tri[column] > 0.95)]\n",
    "print(to_drop)"
   ]
  },
  {
   "cell_type": "markdown",
   "metadata": {},
   "source": [
    "Dropping redundant features."
   ]
  },
  {
   "cell_type": "code",
   "execution_count": 6,
   "metadata": {},
   "outputs": [
    {
     "name": "stdout",
     "output_type": "stream",
     "text": [
      "Number of features before removing redundant features: 20\n",
      "Number of features after removing redundant features: 17\n"
     ]
    }
   ],
   "source": [
    "print(f\"Number of features before removing redundant features: {len(df.columns) - 1}\")\n",
    "df_pre = df.drop(to_drop, axis=1)\n",
    "print(f\"Number of features after removing redundant features: {len(df_pre.columns) - 1}\")"
   ]
  },
  {
   "cell_type": "markdown",
   "metadata": {},
   "source": [
    "Converting labels from categorical to numerical."
   ]
  },
  {
   "cell_type": "code",
   "execution_count": 7,
   "metadata": {},
   "outputs": [
    {
     "data": {
      "text/plain": [
       "0         male\n",
       "1         male\n",
       "2         male\n",
       "3         male\n",
       "4         male\n",
       "         ...  \n",
       "3163    female\n",
       "3164    female\n",
       "3165    female\n",
       "3166    female\n",
       "3167    female\n",
       "Name: label, Length: 3168, dtype: object"
      ]
     },
     "execution_count": 7,
     "metadata": {},
     "output_type": "execute_result"
    }
   ],
   "source": [
    "df_pre.label"
   ]
  },
  {
   "cell_type": "markdown",
   "metadata": {},
   "source": [
    "Coding male as 1 and female as 0."
   ]
  },
  {
   "cell_type": "code",
   "execution_count": 8,
   "metadata": {},
   "outputs": [],
   "source": [
    "df_pre.label = [1 if class_lbl == \"male\" else 0 for class_lbl in df.label]"
   ]
  },
  {
   "cell_type": "markdown",
   "metadata": {},
   "source": [
    "Separating targets and features."
   ]
  },
  {
   "cell_type": "code",
   "execution_count": 9,
   "metadata": {},
   "outputs": [],
   "source": [
    "y = df_pre.label.values\n",
    "X = df_pre.drop([\"label\"], axis=1)"
   ]
  },
  {
   "cell_type": "markdown",
   "metadata": {},
   "source": [
    "Scaling the data helps most of the classification techniques converge to a better solution and faster."
   ]
  },
  {
   "cell_type": "code",
   "execution_count": 10,
   "metadata": {},
   "outputs": [],
   "source": [
    "from sklearn.preprocessing import StandardScaler\n",
    "scaler = StandardScaler().fit(X)\n",
    "X_scaled = scaler.transform(X)"
   ]
  },
  {
   "cell_type": "markdown",
   "metadata": {},
   "source": [
    "# Comparison"
   ]
  },
  {
   "cell_type": "markdown",
   "metadata": {},
   "source": [
    "We will compare the performance of the following algorithms once on the original dataset and once after performing feature generation with PCA:\n",
    "\n",
    "- Logistic Regression\n",
    "- SVM (with linear kernel)\n",
    "- Naive Bayes\n",
    "- Decision Tree\n",
    "- Random Forest ($N_{estimators} = 100$)\n",
    "- K-nearest Neighbors ($K = \\sqrt{N}$)\n",
    "- AdaBoost ($N_{estimators} = 200$)\n",
    "- Multilayer Perceptron (3 layers with 100 and 50 neurons in the hidden layers, trained with momentum SGD)\n"
   ]
  },
  {
   "cell_type": "code",
   "execution_count": 11,
   "metadata": {},
   "outputs": [],
   "source": [
    "def compare_classifiers(X, y):\n",
    "    method_names = ['Logistic Regression', 'SVM', 'Naive Bayes', 'Decision Tree', 'Random Forest', 'kNN', 'AdaBoost', 'MLP']\n",
    "    method_ma_scores = []\n",
    "    ## DATASET SPLITTING\n",
    "    from sklearn.model_selection import train_test_split\n",
    "    x_train, x_test, y_train, y_test = train_test_split(X, y, test_size=0.2)\n",
    "    ## CLASSIFIERS\n",
    "    from sklearn.linear_model import LogisticRegression\n",
    "    from sklearn.svm import SVC\n",
    "    from sklearn.naive_bayes import GaussianNB\n",
    "    from sklearn.tree import DecisionTreeClassifier\n",
    "    from sklearn.ensemble import RandomForestClassifier, AdaBoostClassifier\n",
    "    from sklearn.neighbors import KNeighborsClassifier\n",
    "    from sklearn.neural_network import MLPClassifier\n",
    "    clfs = [\n",
    "        LogisticRegression(), SVC(kernel='linear'),\n",
    "        GaussianNB(), DecisionTreeClassifier(),\n",
    "        RandomForestClassifier(), KNeighborsClassifier(n_neighbors=int(np.sqrt(x_train.shape[0]))),\n",
    "        AdaBoostClassifier(n_estimators=200), MLPClassifier((100, 50), max_iter=2000)\n",
    "    ]\n",
    "    fig, axes = plt.subplots(nrows=4, ncols=2, figsize=(7,10))\n",
    "\n",
    "    for idx, (clf, ax) in enumerate(zip(clfs, axes.flatten())):\n",
    "        clf.fit(x_train, y_train)\n",
    "        clf_ma_score = 100*round(clf.score(x_test, y_test), 5)\n",
    "        print(f\"{method_names[idx]} Mean Accuracy Score: {clf_ma_score}%\")\n",
    "        method_ma_scores.append(clf_ma_score)\n",
    "        ConfusionMatrixDisplay.from_estimator(clf, x_test, y_test, ax=ax, cmap='Blues', display_labels=['Male', 'Female'])\n",
    "        ax.title.set_text(method_names[idx])\n",
    "    plt.tight_layout()\n",
    "    plt.show()\n",
    "    print()\n",
    "    plt.figure(figsize=(15,10))\n",
    "    plt.ylim([85, 100])\n",
    "    ax = plt.gca()\n",
    "    ax.bar_label(plt.bar(method_names, method_ma_scores, width=0.5))\n",
    "    plt.xlabel('Methods')\n",
    "    plt.ylabel('Mean Accuracy')"
   ]
  },
  {
   "cell_type": "markdown",
   "metadata": {},
   "source": [
    "## Before Feature Generation with PCA"
   ]
  },
  {
   "cell_type": "code",
   "execution_count": 12,
   "metadata": {},
   "outputs": [
    {
     "name": "stdout",
     "output_type": "stream",
     "text": [
      "Logistic Regression Mean Accuracy Score: 98.107%\n",
      "SVM Mean Accuracy Score: 97.634%\n",
      "Naive Bayes Mean Accuracy Score: 92.744%\n",
      "Decision Tree Mean Accuracy Score: 96.53%\n",
      "Random Forest Mean Accuracy Score: 98.265%\n",
      "kNN Mean Accuracy Score: 96.372%\n",
      "AdaBoost Mean Accuracy Score: 98.265%\n",
      "MLP Mean Accuracy Score: 97.792%\n"
     ]
    },
    {
     "data": {
